{
 "cells": [
  {
   "cell_type": "code",
   "execution_count": 89,
   "id": "cc8cc509",
   "metadata": {},
   "outputs": [],
   "source": [
    "import os\n",
    "import pandas as pd\n",
    "import matplotlib.pyplot as plt\n",
    "\n",
    "pd.set_option('display.max_columns', None)\n",
    "# 프레임 repr에서 자동 줄바꿈 비활성화\n",
    "pd.set_option('display.expand_frame_repr', False)\n",
    "# 출력 폭 제한 해제\n",
    "pd.set_option('display.width', None)"
   ]
  },
  {
   "cell_type": "code",
   "execution_count": 90,
   "id": "bd3d8eef",
   "metadata": {},
   "outputs": [],
   "source": [
    "file_path = '/home/hwkang/dev-TSB-AD/TSB-AD/analyses/metadata_timeseries.csv'"
   ]
  },
  {
   "cell_type": "code",
   "execution_count": 91,
   "id": "a65d794a",
   "metadata": {},
   "outputs": [],
   "source": [
    "df = pd.read_csv(file_path)"
   ]
  },
  {
   "cell_type": "code",
   "execution_count": 92,
   "id": "a03cac0e",
   "metadata": {},
   "outputs": [
    {
     "name": "stdout",
     "output_type": "stream",
     "text": [
      "Total number of curated samples: 200\n"
     ]
    }
   ],
   "source": [
    "# Curated 열의 총합\n",
    "curated_sum = df['Curated'].sum()\n",
    "print(f\"Total number of curated samples: {curated_sum}\")"
   ]
  },
  {
   "cell_type": "code",
   "execution_count": 93,
   "id": "c9aeba57",
   "metadata": {},
   "outputs": [],
   "source": [
    "def sort_by_column(df, column_name, descending=True):\n",
    "    \"\"\"\n",
    "    Sort the DataFrame by a specified column.\n",
    "    \n",
    "    :param df: DataFrame to sort\n",
    "    :param column_name: Column name to sort by\n",
    "    :param descending: Sort order (default is descending)\n",
    "    :return: Sorted DataFrame\n",
    "    \"\"\"\n",
    "    return df.sort_values(by=column_name, ascending=not descending)"
   ]
  },
  {
   "cell_type": "code",
   "execution_count": 94,
   "id": "8aedffd1",
   "metadata": {},
   "outputs": [
    {
     "name": "stdout",
     "output_type": "stream",
     "text": [
      "Top 10 rows sorted by AvgDim:\n",
      "          Name  Curated  AvgDim   AvgTSLen  AvgNumAnomaly  AvgAnomalyLen  AnomalyRatio  Category\n",
      "4          OPP        8     248   17426.75            1.4          394.3           4.1         0\n",
      "6         SWaT        2      59  207457.50           16.5         1093.6          12.7         0\n",
      "9          MSL       16      55    3119.40            1.3          111.7           5.1         0\n",
      "5          SMD       22      38   25466.40            8.9          112.8           3.8         0\n",
      "10  CreditCard        1      29  284807.00          465.0            1.1           0.2         1\n",
      "8         SMAP       27      25    7855.90            1.3          196.3           2.9         0\n",
      "7          PSM        1      25  217624.00           72.0          338.6          11.2         1\n",
      "2     Exathlon       27      21   60878.40            4.3         1373.3           9.8         0\n",
      "0          GHL       25      19  199001.00            2.2         1035.2           1.1         0\n",
      "3      Genesis        1      18   16220.00            3.0           16.7           0.3         0\n",
      "15      CATSv2        6      17  240000.00           11.5          811.6           3.7         0\n",
      "1      Daphnet        1       9   38774.00            6.0          384.3           5.9         0\n",
      "11       GECCO        1       9  138521.00           51.0           33.8           1.2         0\n",
      "16         TAO       13       3   10000.00          788.2            1.1           8.7         1\n",
      "12       MITDB       13       2  336153.80           15.2         1846.8           2.7         0\n",
      "14        LTDB        5       2  100000.00          105.0          134.4          15.5         0\n",
      "13        SVDB       31       2  207122.60           68.3          268.2           4.8         0\n",
      "\n",
      "Top 10 rows sorted by AvgTSLen:\n",
      "          Name  Curated  AvgDim   AvgTSLen  AvgNumAnomaly  AvgAnomalyLen  AnomalyRatio  Category\n",
      "12       MITDB       13       2  336153.80           15.2         1846.8           2.7         0\n",
      "10  CreditCard        1      29  284807.00          465.0            1.1           0.2         1\n",
      "15      CATSv2        6      17  240000.00           11.5          811.6           3.7         0\n",
      "7          PSM        1      25  217624.00           72.0          338.6          11.2         1\n",
      "6         SWaT        2      59  207457.50           16.5         1093.6          12.7         0\n",
      "13        SVDB       31       2  207122.60           68.3          268.2           4.8         0\n",
      "0          GHL       25      19  199001.00            2.2         1035.2           1.1         0\n",
      "11       GECCO        1       9  138521.00           51.0           33.8           1.2         0\n",
      "14        LTDB        5       2  100000.00          105.0          134.4          15.5         0\n",
      "2     Exathlon       27      21   60878.40            4.3         1373.3           9.8         0\n",
      "1      Daphnet        1       9   38774.00            6.0          384.3           5.9         0\n",
      "5          SMD       22      38   25466.40            8.9          112.8           3.8         0\n",
      "4          OPP        8     248   17426.75            1.4          394.3           4.1         0\n",
      "3      Genesis        1      18   16220.00            3.0           16.7           0.3         0\n",
      "16         TAO       13       3   10000.00          788.2            1.1           8.7         1\n",
      "8         SMAP       27      25    7855.90            1.3          196.3           2.9         0\n",
      "9          MSL       16      55    3119.40            1.3          111.7           5.1         0\n",
      "\n",
      "Top 10 rows sorted by AvgNumAnomaly:\n",
      "          Name  Curated  AvgDim   AvgTSLen  AvgNumAnomaly  AvgAnomalyLen  AnomalyRatio  Category\n",
      "16         TAO       13       3   10000.00          788.2            1.1           8.7         1\n",
      "10  CreditCard        1      29  284807.00          465.0            1.1           0.2         1\n",
      "14        LTDB        5       2  100000.00          105.0          134.4          15.5         0\n",
      "7          PSM        1      25  217624.00           72.0          338.6          11.2         1\n",
      "13        SVDB       31       2  207122.60           68.3          268.2           4.8         0\n",
      "11       GECCO        1       9  138521.00           51.0           33.8           1.2         0\n",
      "6         SWaT        2      59  207457.50           16.5         1093.6          12.7         0\n",
      "12       MITDB       13       2  336153.80           15.2         1846.8           2.7         0\n",
      "15      CATSv2        6      17  240000.00           11.5          811.6           3.7         0\n",
      "5          SMD       22      38   25466.40            8.9          112.8           3.8         0\n",
      "1      Daphnet        1       9   38774.00            6.0          384.3           5.9         0\n",
      "2     Exathlon       27      21   60878.40            4.3         1373.3           9.8         0\n",
      "3      Genesis        1      18   16220.00            3.0           16.7           0.3         0\n",
      "0          GHL       25      19  199001.00            2.2         1035.2           1.1         0\n",
      "4          OPP        8     248   17426.75            1.4          394.3           4.1         0\n",
      "8         SMAP       27      25    7855.90            1.3          196.3           2.9         0\n",
      "9          MSL       16      55    3119.40            1.3          111.7           5.1         0\n",
      "\n",
      "Top 10 rows sorted by AvgAnomalyLen:\n",
      "          Name  Curated  AvgDim   AvgTSLen  AvgNumAnomaly  AvgAnomalyLen  AnomalyRatio  Category\n",
      "12       MITDB       13       2  336153.80           15.2         1846.8           2.7         0\n",
      "2     Exathlon       27      21   60878.40            4.3         1373.3           9.8         0\n",
      "6         SWaT        2      59  207457.50           16.5         1093.6          12.7         0\n",
      "0          GHL       25      19  199001.00            2.2         1035.2           1.1         0\n",
      "15      CATSv2        6      17  240000.00           11.5          811.6           3.7         0\n",
      "4          OPP        8     248   17426.75            1.4          394.3           4.1         0\n",
      "1      Daphnet        1       9   38774.00            6.0          384.3           5.9         0\n",
      "7          PSM        1      25  217624.00           72.0          338.6          11.2         1\n",
      "13        SVDB       31       2  207122.60           68.3          268.2           4.8         0\n",
      "8         SMAP       27      25    7855.90            1.3          196.3           2.9         0\n",
      "14        LTDB        5       2  100000.00          105.0          134.4          15.5         0\n",
      "5          SMD       22      38   25466.40            8.9          112.8           3.8         0\n",
      "9          MSL       16      55    3119.40            1.3          111.7           5.1         0\n",
      "11       GECCO        1       9  138521.00           51.0           33.8           1.2         0\n",
      "3      Genesis        1      18   16220.00            3.0           16.7           0.3         0\n",
      "10  CreditCard        1      29  284807.00          465.0            1.1           0.2         1\n",
      "16         TAO       13       3   10000.00          788.2            1.1           8.7         1\n",
      "\n",
      "Top 10 rows sorted by AnomalyRatio:\n",
      "          Name  Curated  AvgDim   AvgTSLen  AvgNumAnomaly  AvgAnomalyLen  AnomalyRatio  Category\n",
      "14        LTDB        5       2  100000.00          105.0          134.4          15.5         0\n",
      "6         SWaT        2      59  207457.50           16.5         1093.6          12.7         0\n",
      "7          PSM        1      25  217624.00           72.0          338.6          11.2         1\n",
      "2     Exathlon       27      21   60878.40            4.3         1373.3           9.8         0\n",
      "16         TAO       13       3   10000.00          788.2            1.1           8.7         1\n",
      "1      Daphnet        1       9   38774.00            6.0          384.3           5.9         0\n",
      "9          MSL       16      55    3119.40            1.3          111.7           5.1         0\n",
      "13        SVDB       31       2  207122.60           68.3          268.2           4.8         0\n",
      "4          OPP        8     248   17426.75            1.4          394.3           4.1         0\n",
      "5          SMD       22      38   25466.40            8.9          112.8           3.8         0\n",
      "15      CATSv2        6      17  240000.00           11.5          811.6           3.7         0\n",
      "8         SMAP       27      25    7855.90            1.3          196.3           2.9         0\n",
      "12       MITDB       13       2  336153.80           15.2         1846.8           2.7         0\n",
      "11       GECCO        1       9  138521.00           51.0           33.8           1.2         0\n",
      "0          GHL       25      19  199001.00            2.2         1035.2           1.1         0\n",
      "3      Genesis        1      18   16220.00            3.0           16.7           0.3         0\n",
      "10  CreditCard        1      29  284807.00          465.0            1.1           0.2         1\n",
      "\n",
      "Top 10 rows sorted by Category:\n",
      "          Name  Curated  AvgDim   AvgTSLen  AvgNumAnomaly  AvgAnomalyLen  AnomalyRatio  Category\n",
      "7          PSM        1      25  217624.00           72.0          338.6          11.2         1\n",
      "16         TAO       13       3   10000.00          788.2            1.1           8.7         1\n",
      "10  CreditCard        1      29  284807.00          465.0            1.1           0.2         1\n",
      "0          GHL       25      19  199001.00            2.2         1035.2           1.1         0\n",
      "1      Daphnet        1       9   38774.00            6.0          384.3           5.9         0\n",
      "4          OPP        8     248   17426.75            1.4          394.3           4.1         0\n",
      "5          SMD       22      38   25466.40            8.9          112.8           3.8         0\n",
      "3      Genesis        1      18   16220.00            3.0           16.7           0.3         0\n",
      "2     Exathlon       27      21   60878.40            4.3         1373.3           9.8         0\n",
      "8         SMAP       27      25    7855.90            1.3          196.3           2.9         0\n",
      "6         SWaT        2      59  207457.50           16.5         1093.6          12.7         0\n",
      "11       GECCO        1       9  138521.00           51.0           33.8           1.2         0\n",
      "9          MSL       16      55    3119.40            1.3          111.7           5.1         0\n",
      "12       MITDB       13       2  336153.80           15.2         1846.8           2.7         0\n",
      "13        SVDB       31       2  207122.60           68.3          268.2           4.8         0\n",
      "14        LTDB        5       2  100000.00          105.0          134.4          15.5         0\n",
      "15      CATSv2        6      17  240000.00           11.5          811.6           3.7         0\n",
      "\n"
     ]
    }
   ],
   "source": [
    "# df의 3번째 열부터 마지막 열까지 이름 추출\n",
    "column_names = df.columns[2:]\n",
    "for column_name in column_names:\n",
    "\n",
    "    # 열 이름을 기준으로 DataFrame 정렬\n",
    "    sorted_df = sort_by_column(df, column_name)\n",
    "\n",
    "    # 정렬된 DataFrame의 상위 10개 행 출력\n",
    "    print(f\"Top 10 rows sorted by {column_name}:\\n{sorted_df}\\n\")"
   ]
  },
  {
   "cell_type": "code",
   "execution_count": 97,
   "id": "7656d622",
   "metadata": {},
   "outputs": [
    {
     "name": "stdout",
     "output_type": "stream",
     "text": [
      "All rows sorted by AvgAnomalyLen:\n",
      "          Name  Curated    AvgDim  AvgTSLen  AvgNumAnomaly  AvgAnomalyLen  AnomalyRatio  Category\n",
      "12       MITDB       13  0.008065  1.000000       0.019284       1.000000      0.174194       0.0\n",
      "2     Exathlon       27  0.084677  0.181103       0.005455       0.743611      0.632258       0.0\n",
      "6         SWaT        2  0.237903  0.617151       0.020934       0.592159      0.819355       0.0\n",
      "0          GHL       25  0.076613  0.591994       0.002791       0.560537      0.070968       0.0\n",
      "15      CATSv2        6  0.068548  0.713959       0.014590       0.439463      0.238710       0.0\n",
      "4          OPP        8  1.000000  0.051842       0.001776       0.213504      0.264516       0.0\n",
      "1      Daphnet        1  0.036290  0.115346       0.007612       0.208090      0.380645       0.0\n",
      "7          PSM        1  0.100806  0.647394       0.091347       0.183344      0.722581       1.0\n",
      "13        SVDB       31  0.008065  0.616154       0.086653       0.145224      0.309677       0.0\n",
      "8         SMAP       27  0.100806  0.023370       0.001649       0.106292      0.187097       0.0\n",
      "14        LTDB        5  0.008065  0.297483       0.133215       0.072775      1.000000       0.0\n",
      "5          SMD       22  0.153226  0.075758       0.011292       0.061079      0.245161       0.0\n",
      "9          MSL       16  0.221774  0.009280       0.001649       0.060483      0.329032       0.0\n",
      "11       GECCO        1  0.036290  0.412076       0.064704       0.018302      0.077419       0.0\n",
      "3      Genesis        1  0.072581  0.048252       0.003806       0.009043      0.019355       0.0\n",
      "10  CreditCard        1  0.116935  0.847252       0.589952       0.000596      0.012903       1.0\n",
      "16         TAO       13  0.012097  0.029748       1.000000       0.000596      0.561290       1.0\n",
      "\n"
     ]
    }
   ],
   "source": [
    "# sort by AvgAnomalyLen and print all rows\n",
    "sorted_df = sort_by_column(df, 'AvgAnomalyLen')\n",
    "print(f\"All rows sorted by AvgAnomalyLen:\\n{sorted_df}\\n\")"
   ]
  },
  {
   "cell_type": "code",
   "execution_count": 98,
   "id": "ea699120",
   "metadata": {},
   "outputs": [
    {
     "name": "stdout",
     "output_type": "stream",
     "text": [
      "All rows sorted by AnomalyRatio:\n",
      "          Name  Curated    AvgDim  AvgTSLen  AvgNumAnomaly  AvgAnomalyLen  AnomalyRatio  Category\n",
      "14        LTDB        5  0.008065  0.297483       0.133215       0.072775      1.000000       0.0\n",
      "6         SWaT        2  0.237903  0.617151       0.020934       0.592159      0.819355       0.0\n",
      "7          PSM        1  0.100806  0.647394       0.091347       0.183344      0.722581       1.0\n",
      "2     Exathlon       27  0.084677  0.181103       0.005455       0.743611      0.632258       0.0\n",
      "16         TAO       13  0.012097  0.029748       1.000000       0.000596      0.561290       1.0\n",
      "1      Daphnet        1  0.036290  0.115346       0.007612       0.208090      0.380645       0.0\n",
      "9          MSL       16  0.221774  0.009280       0.001649       0.060483      0.329032       0.0\n",
      "13        SVDB       31  0.008065  0.616154       0.086653       0.145224      0.309677       0.0\n",
      "4          OPP        8  1.000000  0.051842       0.001776       0.213504      0.264516       0.0\n",
      "5          SMD       22  0.153226  0.075758       0.011292       0.061079      0.245161       0.0\n",
      "15      CATSv2        6  0.068548  0.713959       0.014590       0.439463      0.238710       0.0\n",
      "8         SMAP       27  0.100806  0.023370       0.001649       0.106292      0.187097       0.0\n",
      "12       MITDB       13  0.008065  1.000000       0.019284       1.000000      0.174194       0.0\n",
      "11       GECCO        1  0.036290  0.412076       0.064704       0.018302      0.077419       0.0\n",
      "0          GHL       25  0.076613  0.591994       0.002791       0.560537      0.070968       0.0\n",
      "3      Genesis        1  0.072581  0.048252       0.003806       0.009043      0.019355       0.0\n",
      "10  CreditCard        1  0.116935  0.847252       0.589952       0.000596      0.012903       1.0\n",
      "\n"
     ]
    }
   ],
   "source": [
    "# sort by AnomalyRatio and print all rows\n",
    "sorted_df = sort_by_column(df, 'AnomalyRatio')\n",
    "print(f\"All rows sorted by AnomalyRatio:\\n{sorted_df}\\n\")"
   ]
  },
  {
   "cell_type": "code",
   "execution_count": 95,
   "id": "9eebfb6b",
   "metadata": {},
   "outputs": [],
   "source": [
    "def plot_data(df):\n",
    "    names = df['Name'].tolist()\n",
    "    print(names)\n",
    "    column_names = df.columns[2:]  # 3번째 열부터 마지막 열까지 선택\n",
    "    num_datasets = len(names)\n",
    "    num_columns = len(column_names)\n",
    "\n",
    "    # normalize the data on each column\n",
    "    # 각 열의 최대값으로 나누어 정규화\n",
    "    for column_name in column_names:\n",
    "        df[column_name] = df[column_name] / df[column_name].max()\n",
    "\n",
    "    # 각 열의 값을 순위로 변환시킨 rank_df 생성\n",
    "    rank_df = df[column_names].rank(ascending=False, method='min')\n",
    "    # rank_df에 'Name' 열 추가\n",
    "    rank_df.insert(0, 'Name', df['Name'])\n",
    "    rank_df.insert(1, 'Curated', df['Curated'])\n",
    "    \n",
    "    # 3) 정규화값(소수점 둘째 자리)과 순위를 \"( )\" 형태로 합치기\n",
    "    combined_df = df.copy()\n",
    "    for col in column_names:\n",
    "        combined_df[col] = (\n",
    "            df[col].map('{:.2f}'.format)\n",
    "             + '('\n",
    "             + rank_df[col].astype(int).map(str)\n",
    "             + ')'\n",
    "        )\n",
    "    # Name, Curated 컬럼도 앞쪽에 위치시키려면\n",
    "    combined_df.insert(0, 'Curated', combined_df.pop('Curated'))\n",
    "    combined_df.insert(0, 'Name', combined_df.pop('Name'))\n",
    "    \n",
    "    plt.figure(figsize=(16, 10))\n",
    "    colors = plt.get_cmap('tab20', num_datasets)\n",
    "\n",
    "    for idx, name in enumerate(names):\n",
    "        data = df.iloc[idx, 2:].values\n",
    "        rank_data = rank_df.iloc[idx, 2:].values\n",
    "        \n",
    "        # 각 이름에 대한 선 그래프 그리기\n",
    "        if name == 'GHL':\n",
    "            plt.plot(range(num_columns), data, marker='*', linestyle='--', label=name, color=colors(idx))\n",
    "        else:\n",
    "            plt.plot(range(num_columns), data, marker='o', label=name, color=colors(idx))\n",
    "\n",
    "        # data 값에 대한 순위를 plot 좌측 중간에 표시\n",
    "        for col_idx, rank in enumerate(rank_data):\n",
    "            plt.text(col_idx, data[col_idx], f'{int(rank)}', fontsize=8, ha='left', va='bottom')\n",
    "        \n",
    "    plt.xticks(range(num_columns), column_names)\n",
    "    plt.xlabel('Columns')\n",
    "    plt.ylabel('Rank')\n",
    "    plt.title('Ranked Data by Name')\n",
    "    plt.legend(loc='upper left', bbox_to_anchor=(1, 1), fontsize='small')\n",
    "    plt.show()\n",
    "\n",
    "    return combined_df"
   ]
  },
  {
   "cell_type": "code",
   "execution_count": 96,
   "id": "f919827f",
   "metadata": {},
   "outputs": [
    {
     "name": "stdout",
     "output_type": "stream",
     "text": [
      "['GHL', 'Daphnet', 'Exathlon', 'Genesis', 'OPP', 'SMD', 'SWaT', 'PSM', 'SMAP', 'MSL', 'CreditCard', 'GECCO', 'MITDB', 'SVDB', 'LTDB', 'CATSv2', 'TAO']\n"
     ]
    },
    {
     "data": {
